m-k-n:40
count:
8————————8————————16————————16————————32————————32————————64————————64————————128————————128—————————256———————256 
2.74006    1.46047    5.39395    5.26728    9.74049    9.86723    17.4108    8.82704    27.1098    27.7671    31.613    38.7467    

m-k-n:80
count:
8————————8————————16————————16————————32————————32————————64————————64————————128————————128—————————256———————256 
17.5098    17.635    28.9662    29.2485    48.7235    43.0658    40.6917    53.9991    55.6568    60.3861    55.6513    63.4532    

m-k-n:160
count:
8————————8————————16————————16————————32————————32————————64————————64————————128————————128—————————256———————256 
60.5558    63.1076    71.8466    69.896    73.8762    77.4234    78.8112    77.4721    80.6233    82.8276    83.9562    83.6022    

m-k-n:320
count:
8————————8————————16————————16————————32————————32————————64————————64————————128————————128—————————256———————256 
84.1099    86.6281    89.1927    89.7163    91.9544    89.0103    90.082    92.0049    92.3356    92.1618    92.1368    92.8143    

m-k-n:640
count:
8————————8————————16————————16————————32————————32————————64————————64————————128————————128—————————256———————256 
105.876    104.611    105.445    105.513    106.269    106.071    106.522    106.446    105.385    106.367    106.347    106.863    

m-k-n:1280
count:
8————————8————————16————————16————————32————————32————————64————————64————————128————————128—————————256———————256 
108.332    108.39    109.234    109.198    109.042    109.709    109.722    109.919    109.781    109.929    107.489    