m-k-n:40
count:\8————————16————————32————————64————————128————————256 
20.6948    1.03293    1.07355    1.26653    1.5706    2.83819    

m-k-n:80
count:\8————————16————————32————————64————————128————————256 
1.2309    1.45252    1.87725    2.6568    4.37301    7.59559    

m-k-n:160
count:\8————————16————————32————————64————————128————————256 
2.43256    3.6835    6.36965    11.8206    22.7488    44.5214    

m-k-n:320
count:\8————————16————————32————————64————————128————————256 
10.7651    20.5083    40.1962    79.2442    156.496    311.952    

m-k-n:640
count:\8————————16————————32————————64————————128————————256 
76.805    151.821    302.352    603.983    1204.16    2436.31    

m-k-n:1280
count:\8————————16————————32————————64————————128————————256 
618.934    1201.75    2392.97    4777.7    9525.11    19020.8    

