m-k-n:40
count:
8————————8————————16————————16————————32————————32————————64————————64————————128————————128—————————256———————256 
3.59136    3.4715    3.55638    3.49488    3.59374    3.54716    4.03534    3.59137    3.97366    3.88477    4.15306    4.24181    

m-k-n:80
count:
8————————8————————16————————16————————32————————32————————64————————64————————128————————128—————————256———————256 
3.66894    3.62271    3.79104    3.7489    4.0908    4.16451    4.56488    4.8144    5.70255    5.60469    7.78499    7.55784    

m-k-n:160
count:
8————————8————————16————————16————————32————————32————————64————————64————————128————————128—————————256———————256 
4.41679    4.69015    5.16341    5.19502    6.89208    7.75533    9.80443    9.91134    16.2541    17.0263    29.8629    28.2734    

m-k-n:320
count:
8————————8————————16————————16————————32————————32————————64————————64————————128————————128—————————256———————256 
9.51246    9.62407    15.1202    15.3985    26.6153    26.5664    49.5041    49.6999    94.3109    96.1937    188.948    184.333    

m-k-n:640
count:
8————————8————————16————————16————————32————————32————————64————————64————————128————————128—————————256———————256 
43.7065    44.6404    82.6913    85.5632    157.538    157.064    315.115    308.741    630.34    632.798    1246.47    1234.94    

m-k-n:1280
count:
8————————8————————16————————16————————32————————32————————64————————64————————128————————128—————————256———————256 
312.202    306.643    606.699    603.546    1229.2    1218.87    2421.3    2431.18    4825.26    4821.79    9645.92    9635.94    

