m-k-n:40
count:\8————————16————————32————————64————————128————————256 
0.049481    1.98271    3.81538    6.46808    10.4317    11.5454    

m-k-n:80
count:\8————————16————————32————————64————————128————————256 
6.65527    11.2797    17.4553    24.6673    29.9729    34.5126    

m-k-n:160
count:\8————————16————————32————————64————————128————————256 
26.9412    35.5835    41.1552    44.3537    46.0937    47.1044    

m-k-n:320
count:\8————————16————————32————————64————————128————————256 
48.7025    51.1294    52.1729    52.9289    53.6028    53.7814    

m-k-n:640
count:\8————————16————————32————————64————————128————————256 
54.6097    55.2533    55.489    55.5552    55.7308    55.0906    

m-k-n:1280
count:\8————————16————————32————————64————————128————————256 
54.2133    55.8425    56.0883    56.1851    56.3637    56.4509    

