m-k-n:40
count:\8————————16————————32————————64————————128————————256 
20.6427    1.02936    1.08931    1.33484    1.5795    2.13684    

m-k-n:80
count:\8————————16————————32————————64————————128————————256 
1.1623    1.38158    1.83812    2.56662    4.19028    8.41716    

m-k-n:160
count:\8————————16————————32————————64————————128————————256 
3.05517    3.78444    7.05801    11.8525    23.2767    44.3198    

m-k-n:320
count:\8————————16————————32————————64————————128————————256 
11.1824    20.8452    39.9865    78.7257    155.826    310.917    

m-k-n:640
count:\8————————16————————32————————64————————128————————256 
76.7699    151.874    303.973    626.005    1231.09    2436.22    

m-k-n:1280
count:\8————————16————————32————————64————————128————————256 
621.127    1188.14    2748.72    4848.35    10846.2    21886.2    

