m-k-n:40
count:\8————————16————————32————————64————————128————————256 
0.0355182    0.224535    0.442357    0.853338    1.60666    2.87785    

m-k-n:80
count:\8————————16————————32————————64————————128————————256 
0.890375    1.73021    3.30461    6.00126    10.1853    15.6153    

m-k-n:160
count:\8————————16————————32————————64————————128————————256 
6.285    11.0084    17.9057    25.7364    33.1217    38.6216    

m-k-n:320
count:\8————————16————————32————————64————————128————————256 
27.6438    36.3377    43.2312    47.6851    50.2401    51.726    

m-k-n:640
count:\8————————16————————32————————64————————128————————256 
48.9733    51.8976    53.534    54.3687    49.4018    46.9412    

m-k-n:1280
count:\8————————16————————32————————64————————128————————256 
48.8266    51.2964    47.8274    50.3395    50.0255    50.7779    
