m-k-n:40
count:\8————————16————————32————————64————————128————————256 
0.0495896    0.957909    1.91932    3.52591    6.269    10.173    

m-k-n:80
count:\8————————16————————32————————64————————128————————256 
3.72076    6.22749    11.7451    17.3165    25.0844    30.1887    

m-k-n:160
count:\8————————16————————32————————64————————128————————256 
19.3864    27.4196    35.4162    32.9205    44.3705    46.2331    

m-k-n:320
count:\8————————16————————32————————64————————128————————256 
44.7312    22.1705    51.2521    52.5184    53.2828    53.5934    

m-k-n:640
count:\8————————16————————32————————64————————128————————256 
54.2743    54.953    55.3104    55.4962    55.5711    54.9976    

m-k-n:1280
count:\8————————16————————32————————64————————128————————256 
54.0663    56.2214    55.7239    56.0231    56.1462    56.1392    

