m-k-n:40
count:\8————————16————————32————————64————————128————————256 
20.6495    2.13799    2.13409    2.32337    2.61349    3.22109    

m-k-n:80
count:\8————————16————————32————————64————————128————————256 
2.2017    2.63091    2.78994    3.78459    5.22523    8.68352    

m-k-n:160
count:\8————————16————————32————————64————————128————————256 
3.38052    4.78023    7.40182    15.9259    23.6323    45.3604    

m-k-n:320
count:\8————————16————————32————————64————————128————————256 
11.7209    47.2961    40.9183    79.8635    157.436    313.046    

m-k-n:640
count:\8————————16————————32————————64————————128————————256 
77.2797    152.651    303.328    604.626    1207.62    2440.43    

m-k-n:1280
count:\8————————16————————32————————64————————128————————256 
620.616    1193.65    2408.62    4791.52    9562.01    19126.4    

