m-k-n:40
count:\8————————16————————32————————64————————128————————256 
0.0491386    1.30669    2.74443    4.78906    8.17566    17.075    

m-k-n:80
count:\8————————16————————32————————64————————128————————256 
4.41625    13.0388    19.5847    21.6523    29.4868    35.3111    

m-k-n:160
count:\8————————16————————32————————64————————128————————256 
24.2288    33.1657    41.2978    46.2318    49.6795    52.199    

m-k-n:320
count:\8————————16————————32————————64————————128————————256 
49.0496    52.3977    55.3084    56.9438    57.5188    57.5764    

m-k-n:640
count:\8————————16————————32————————64————————128————————256 
57.4977    58.4428    58.8883    59.076    59.1839    58.6131    

m-k-n:1280
count:\8————————16————————32————————64————————128————————256 
56.4176    59.2782    58.7118    59.0897    59.2271    59.2067    

