m-k-n:40
count:\8————————16————————32————————64————————128————————256 
20.839    1.56731    1.49248    1.71057    2.004    1.91907    

m-k-n:80
count:\8————————16————————32————————64————————128————————256 
1.85497    1.25655    1.67314    3.02675    4.44511    7.42383    

m-k-n:160
count:\8————————16————————32————————64————————128————————256 
2.70488    3.95203    6.34765    11.3404    21.1068    40.1761    

m-k-n:320
count:\8————————16————————32————————64————————128————————256 
10.6889    20.0119    37.9174    73.6569    145.841    291.391    

m-k-n:640
count:\8————————16————————32————————64————————128————————256 
72.9473    143.535    284.899    567.988    1133.9    2289.89    

m-k-n:1280
count:\8————————16————————32————————64————————128————————256 
594.751    1132.1    2286.05    4542.85    9064.62    18135.5    

