m-k-n:40
count:
8————————8————————16————————16————————32————————32————————64————————64————————128————————128—————————256———————256 
0.280001    0.289748    0.581318    0.574039    1.06466    1.13645    2.15821    2.19888    3.78197    4.27954    7.78011    7.06562    

m-k-n:80
count:
8————————8————————16————————16————————32————————32————————64————————64————————128————————128—————————256———————256 
1.75995    2.15552    3.19468    2.94691    7.83231    8.03013    11.9037    14.2032    22.5213    22.8469    33.8916    34.9267    

m-k-n:160
count:
8————————8————————16————————16————————32————————32————————64————————64————————128————————128—————————256———————256 
14.7694    13.8049    25.0757    24.9197    30.997    37.3717    51.8814    49.93    42.7289    58.8334    70.4778    69.1917    

m-k-n:320
count:
8————————8————————16————————16————————32————————32————————64————————64————————128————————128—————————256———————256 
42.0196    55.9246    68.7434    68.5669    71.7241    76.9465    82.0123    83.607    84.0698    89.3647    90.9865    89.5414    

m-k-n:640
count:
8————————8————————16————————16————————32————————32————————64————————64————————128————————128—————————256———————256 
89.1696    92.971    98.569    98.3832    103.079    102.951    104.424    103.788    105.646    104.816    103.903    105.695    

m-k-n:1280
count:
8————————8————————16————————16————————32————————32————————64————————64————————128————————128—————————256———————256 
106.772    105.908    108.516    106.694    107.097    105.567    109.726    107.075    106.993    105.295    105.831    109.273    

