m-k-n:40
count:
8————————8————————16————————16————————32————————32————————64————————64————————128————————128—————————256———————256 
0.0455295    0.494444    0.921271    0.96919    1.80697    1.77834    3.32298    3.49907    5.93145    6.12989    9.50439    9.93987    

m-k-n:80
count:
8————————8————————16————————16————————32————————32————————64————————64————————128————————128—————————256———————256 
3.52196    3.66434    6.25091    6.58789    10.9636    11.1745    16.9404    17.1092    22.9104    23.2947    27.9137    28.5237    

m-k-n:160
count:
8————————8————————16————————16————————32————————32————————64————————64————————128————————128—————————256———————256 
17.7874    18.2783    25.5867    26.5299    33.113    33.6258    38.5947    38.7673    41.5646    42.0426    44.1278    44.3351    

m-k-n:320
count:
8————————8————————16————————16————————32————————32————————64————————64————————128————————128—————————256———————256 
42.9291    43.2459    47.0781    47.0166    49.4462    49.5947    51.0068    51.2022    51.9296    51.9948    52.257    52.4016    

m-k-n:640
count:
8————————8————————16————————16————————32————————32————————64————————64————————128————————128—————————256———————256 
53.6204    53.6916    54.6123    54.7021    54.9343    54.914    55.1063    55.1554    54.1125    54.0092    54.7325    54.734    

m-k-n:1280
count:
8————————8————————16————————16————————32————————32————————64————————64————————128————————128—————————256———————256 
54.0366    56.1182    56.1299    55.067    55.6189    55.5799    55.9553    55.9689    53.0542    56.1024    56.2239    56.1873    

