m-k-n:40
count:
8————————8————————16————————16————————32————————32————————64————————64————————128————————128—————————256———————256 
0.0448361    0.0229108    0.0246129    0.0229281    0.0249623    0.0229433    0.0256346    0.022953    0.0269329    0.0230591    0.0294222    0.0230864    

m-k-n:80
count:
8————————8————————16————————16————————32————————32————————64————————64————————128————————128—————————256———————256 
0.0247618    0.0229643    0.0252407    0.0230236    0.026206    0.0231189    0.0281946    0.0230884    0.0522532    0.023076    0.0396479    0.023012    

m-k-n:160
count:
8————————8————————16————————16————————32————————32————————64————————64————————128————————128—————————256———————256 
0.0266922    0.0230469    0.0291746    0.0229664    0.0340661    0.0230188    0.0435875    0.0229701    0.0633035    0.0360836    0.10077    0.053288    

m-k-n:320
count:
8————————8————————16————————16————————32————————32————————64————————64————————128————————128—————————256———————256 
0.0367657    0.0229317    0.0501776    0.0386144    0.0800095    0.0548974    0.138829    0.0907869    0.30215    0.169614    0.5039    0.339574    

m-k-n:640
count:
8————————8————————16————————16————————32————————32————————64————————64————————128————————128—————————256———————256 
0.125198    0.0977931    0.237744    0.159614    0.453327    0.346279    0.925741    0.651324    1.77767    1.26115    3.58956    2.61949    

m-k-n:1280
count:
8————————8————————16————————16————————32————————32————————64————————64————————128————————128—————————256———————256 
1.11803    0.634445    1.6531    1.2358    3.3801    2.55671    6.86095    5.03794    13.7196    10.5702    28.1786    22.4049    

