m-k-n:40
count:\8————————16————————32————————64————————128————————256 
2.25    2.018    2.672    2.923    2.727    3.421    

m-k-n:80
count:\8————————16————————32————————64————————128————————256 
2.264    2.204    2.674    3.829    4.055    6.032    

m-k-n:160
count:\8————————16————————32————————64————————128————————256 
2.812    3.601    5.421    7.924    14.195    25.077    

m-k-n:320
count:\8————————16————————32————————64————————128————————256 
8.532    13.465    25.019    48.333    89.394    176.29    

m-k-n:640
count:\8————————16————————32————————64————————128————————256 
43.524    84.222    163.059    320.334    635.041    1263.05    

m-k-n:1280
count:\8————————16————————32————————64————————128————————256 
316.783    625.465    1237.86    2473.43    4930.64    9843.58    

