m-k-n:40
count:\8————————16————————32————————64————————128————————256 
0.364543    0.846281    1.74298    4.21616    5.50908    12.3793    

m-k-n:80
count:\8————————16————————32————————64————————128————————256 
3.26895    7.9961    11.0182    21.5934    56.1577    98.9223    

m-k-n:160
count:\8————————16————————32————————64————————128————————256 
22.8428    71.5459    84.3992    230.862    446.963    688.042    

m-k-n:320
count:\8————————16————————32————————64————————128————————256 
176.172    290.303    587.438    1311.54    2717.4    4620.55    

m-k-n:640
count:\8————————16————————32————————64————————128————————256 
478.256    1037.55    1008.31    4069.18    7756.46    15594    

m-k-n:1280
count:\8————————16————————32————————64————————128————————256 
764.686    1520.67    3042.24    5909.81    12244.2    23113.6    

