m-k-n:40
count:\8————————16————————32————————64————————128————————256 
0.458268    0.927154    1.78606    3.41364    6.64473    11.5472    

m-k-n:80
count:\8————————16————————32————————64————————128————————256 
3.75693    6.47977    12.0912    20.1484    31.4443    43.5947    

m-k-n:160
count:\8————————16————————32————————64————————128————————256 
22.1045    35.8315    51.9318    65.8671    77.6207    86.3773    

m-k-n:320
count:\8————————16————————32————————64————————128————————256 
67.6288    71.5609    92.1634    96.3118    99.0636    100.699    

m-k-n:640
count:\8————————16————————32————————64————————128————————256 
96.309    99.9199    101.957    104.505    105.818    105.857    

m-k-n:1280
count:\8————————16————————32————————64————————128————————256 
102.483    104.831    103.965    106.15    105.435    105.599    

